Model SCALED theta
0.971808910369873
0.9808939695358276
0.9899788498878479
0.9990634918212891
1.008147954940796
1.0172321796417236
1.0263161659240723
1.0354000329971313
1.0444836616516113
1.0535670518875122
1.062650203704834
1.0717331171035767
1.0808157920837402
1.0898982286453247
1.0989805459976196
1.1080626249313354
1.1171444654464722
1.1262260675430298
1.1353075504302979
1.1443887948989868
1.1534698009490967
1.162550687789917
1.1716313362121582
1.1807118654251099
1.189792275428772
1.198872447013855
1.2079524993896484
1.2170324325561523
1.2261122465133667
1.2351919412612915
1.2442715167999268
1.253351092338562
1.2624305486679077
1.2715100049972534
1.2805893421173096
1.2896686792373657
1.2987480163574219
1.307827353477478
1.3169068098068237
1.3259862661361694
1.3350658416748047
1.34414541721344
1.3532251119613647
1.362304925918579
1.3713849782943726
1.3804651498794556
1.3895455598831177
1.3986260890960693
1.4077068567276
1.41678786277771
1.4258692264556885
1.434950828552246
1.4440327882766724
1.4531151056289673
1.4621977806091309
1.471280813217163
1.480364203453064
1.489448070526123
1.4985324144363403
1.5076172351837158
1.5167025327682495
1.5257883071899414
1.534874677658081
1.5439616441726685
1.5530492067337036
1.5621373653411865
1.5712261199951172
1.5803155899047852
1.5894057750701904
1.598496675491333
1.607588291168213
1.61668062210083
1.6257737874984741
1.6348676681518555
1.6439623832702637
1.6530580520629883
1.6621545553207397
1.6712520122528076
1.6803503036499023
1.6894495487213135
1.698549747467041
1.7076510190963745
1.7167532444000244
1.7258565425872803
1.734960913658142
1.7440663576126099
1.7531728744506836
1.7622805833816528
1.771389365196228
1.7804993391036987
1.789610505104065
1.7987228631973267
1.8078364133834839
1.8169512748718262
1.826067328453064
1.8351846933364868
1.8443033695220947
1.8534233570098877
1.8625447750091553
1.871667504310608
1.8807916641235352
1.889917254447937
1.8990442752838135
1.9081727266311646
1.9173026084899902
1.92643404006958
1.9355669021606445
1.9447013139724731
1.953837275505066
1.9629747867584229
1.972113847732544
1.9812545776367188
1.9903968572616577
1.9995408058166504
2.0086863040924072
2.0178334712982178
2.026982307434082
2.0361328125
2.045285224914551
2.0544393062591553
2.0635950565338135
2.0727524757385254
2.08191180229187
2.0910727977752686
2.1002357006073
2.109400510787964
2.1185669898986816
2.1277353763580322
2.1369056701660156
2.146077871322632
2.155251979827881
2.1644279956817627
2.1736059188842773
2.182785749435425
2.191967487335205
2.201151132583618
2.210336923599243
2.219524621963501
2.2287142276763916
2.237905979156494
2.2470996379852295
2.2562954425811768
2.265493392944336
2.274693250656128
2.283895254135132
2.2930994033813477
2.3023056983947754
2.311514139175415
2.3207247257232666
2.32993745803833
2.3391523361206055
2.3483693599700928
2.357588529586792
2.366809844970703
2.376033306121826
2.3852591514587402
2.394487142562866
2.403717517852783
2.412950038909912
2.422184944152832
2.431421995162964
2.4406614303588867
2.4499030113220215
2.4591469764709473
2.468393325805664
2.477642059326172
2.4868931770324707
2.4961466789245605
2.5054023265838623
2.514660358428955
2.523921012878418
2.533184051513672
2.542449474334717
2.5517172813415527
2.5609874725341797
2.5702600479125977
2.5795352458953857
2.588812828063965
2.598093032836914
2.6073756217956543
2.6166608333587646
2.625948429107666
2.6352386474609375
2.64453125
2.6538264751434326
2.6631243228912354
2.672424793243408
2.681727647781372
2.691033124923706
2.70034122467041
2.7096519470214844
2.7189652919769287
2.728281259536743
2.7375998497009277
2.7469210624694824
2.7562448978424072
2.7655715942382812
2.7749009132385254
2.7842328548431396
2.793567419052124
2.8029048442840576
2.8122448921203613
2.8215878009796143
2.8309333324432373
2.8402817249298096
2.849632740020752
2.8589866161346436
2.8683431148529053
2.877702474594116
2.8870646953582764
2.8964297771453857
2.9057977199554443
2.915168285369873
2.924541711807251
2.933917999267578
2.9432971477508545
2.95267915725708
2.962064027786255
2.971451759338379
2.9808425903320312
2.990236282348633
2.9996328353881836
3.0090322494506836
3.018434762954712
3.0278401374816895
3.037248373031616
3.0466597080230713
3.0560739040374756
3.065491199493408
3.07491135597229
3.0843346118927
3.0937609672546387
3.1031901836395264
3.1126224994659424
3.1220579147338867
3.1314961910247803
3.140937566757202
3.1503820419311523
3.159829616546631
3.1692802906036377
3.178734064102173
3.1881909370422363
3.197650909423828
3.2071139812469482
3.2165801525115967
3.2260496616363525
3.2355222702026367
3.244997978210449
3.25447678565979
3.2639589309692383
3.273444175720215
3.282932758331299
3.292424440383911
3.301919460296631
3.311417579650879
3.3209190368652344
3.330423593521118
3.3399314880371094
3.349442720413208
3.358957052230835
3.3684747219085693
3.377995729446411
3.3875200748443604
3.397047758102417
3.406578779220581
3.4161131381988525
3.4256508350372314
3.4351918697357178
3.4447362422943115
3.4542839527130127
3.4638350009918213
3.4733896255493164
3.482947587966919
3.492508888244629
3.5020735263824463
3.51164174079895
3.5212132930755615
3.5307884216308594
3.5403668880462646
3.5499489307403564
3.5595343112945557
3.5691232681274414
3.5787158012390137
3.5883116722106934
3.5979111194610596
3.6075141429901123
3.6171207427978516
3.6267309188842773
3.6363444328308105
3.6459615230560303
3.6555821895599365
3.6652064323425293
3.6748342514038086
3.6844658851623535
3.694101095199585
3.703739881515503
3.7133822441101074
3.7230281829833984
3.732677936553955
3.7423312664031982