RK4 SCALED theta
0.971808910369873
1.0009008646011353
1.0307520627975464
1.0613807439804077
1.092806100845337
1.1250470876693726
1.1581237316131592
1.1920560598373413
1.2268648147583008
1.262571096420288
1.2991966009140015
1.3367632627487183
1.3752940893173218
1.4148120880126953
1.4553405046463013
1.4969042539596558
1.5395280122756958
1.5832366943359375
1.6280568838119507
1.6740145683288574
1.721137523651123
1.7694530487060547
1.8189897537231445
1.8697766065597534
1.9218437671661377
1.9752211570739746
2.029940366744995
2.0860328674316406
2.143531084060669
2.2024688720703125
2.2628800868988037
2.3247992992401123
2.3882627487182617
2.4533064365386963
2.519967555999756
2.588284730911255
2.6582963466644287
2.7300429344177246
2.803565263748169
2.8789048194885254
2.956104040145874
3.0352067947387695
3.116258144378662
3.199302911758423
3.284388542175293
3.3715627193450928
3.460873603820801
3.5523719787597656
3.646108388900757
3.7421348094940186
3.840505838394165
3.9412741661071777
4.044497489929199
4.150231838226318
4.258535861968994
4.36946964263916
4.48309326171875
4.5994696617126465
4.718662738800049
4.840737819671631
4.965761661529541
5.093801975250244
5.224928855895996
5.359213829040527
5.496729373931885
5.637550354003906
5.781752586364746
5.92941427230835
6.080615043640137
6.235437393188477
6.393962383270264
6.556276321411133
6.722466468811035
6.892621994018555
7.066832542419434
7.245192050933838
7.42779541015625
7.614740371704102
7.806125164031982
8.002052307128906
8.202624320983887
8.40794849395752
8.618133544921875
8.83328914642334
9.053529739379883
9.278970718383789
9.509729385375977
9.745929718017578
9.987691879272461
10.235145568847656
10.488417625427246
10.747641563415527
11.012951850891113
11.2844877243042
11.562387466430664
11.84679889678955
12.137866973876953
12.43574333190918
12.740580558776855
13.052538871765137
13.37177562713623
13.698457717895508
14.032752990722656
14.374831199645996
14.724870681762695
15.083048820495605
15.449549674987793
15.824562072753906
16.208274841308594
16.60088539123535
17.00259017944336
17.41360092163086
17.83411979675293
18.264360427856445
18.704544067382812
19.15489387512207
19.615636825561523
20.087003707885742
20.56923484802246
21.062572479248047
21.567264556884766
22.08356475830078
22.611732482910156
23.152034759521484
23.704742431640625
24.27012825012207
24.848480224609375
25.440080642700195
26.04523277282715
26.664236068725586
27.297395706176758
27.945030212402344
28.607460021972656
29.285009384155273
29.978023529052734
30.68684196472168
31.411813735961914
32.15330123901367
32.91166687011719
33.68728256225586
34.48054122924805
35.29182815551758
36.12154006958008
36.9700813293457
37.83788299560547
38.7253532409668
39.6329460144043
40.56108856201172
41.51024627685547
42.480873107910156
43.473453521728516
44.48847579956055
45.52642059326172
46.587799072265625
47.673133850097656
48.78294372558594
49.91777038574219
51.07816696166992
52.26470184326172
53.47793960571289
54.718467712402344
55.98689270019531
57.28382873535156
58.60989761352539
59.96574401855469
61.35200881958008
62.769371032714844
64.21851348876953
65.70012664794922
67.21492767333984
68.76364135742188
70.34700775146484
71.9657974243164
73.62077331542969
75.31272888183594
77.04248046875
78.81085205078125
80.6186752319336
82.4668197631836
84.35618591308594
86.28764343261719
88.26213073730469
90.28058624267578
92.34396362304688
94.45323181152344
96.60940551757812
98.81350708007812
101.06658935546875
103.36968994140625
105.72393035888672
108.13040161132812
110.59024810791016
113.10462188720703
115.67473602294922
118.3017807006836
120.98698425292969
123.73163604736328
126.5370101928711
129.4044189453125
132.33523559570312
135.330810546875
138.3925323486328
141.52188110351562
144.72032165527344
147.9893035888672
151.3303985595703
154.74513244628906
158.2351531982422
161.80203247070312
165.44747924804688
169.1731719970703
172.9808349609375
176.8722686767578
180.8492431640625
184.91366577148438
189.06736755371094
193.31231689453125
197.6504669189453
202.0838165283203
206.61444091796875
211.24444580078125
215.97592163085938
220.8111572265625
225.7523193359375
230.80166625976562
235.96157836914062
241.23439025878906
246.62258911132812
252.128662109375
257.7550354003906
263.50445556640625
269.3794860839844
275.3827819824219
281.5172119140625
287.7855224609375
294.1905517578125
300.7353515625
307.4228210449219
314.2560729980469
321.23822021484375
328.3724670410156
335.6620788574219
343.1103820800781
350.72076416015625
358.4967041015625
366.44183349609375
374.5596008300781
382.8538513183594
391.32830810546875
399.9868469238281
408.8334655761719
417.87200927734375
427.10675048828125
436.5418395996094
446.1815185546875
456.03021240234375
466.0924072265625
476.3725891113281
486.8755187988281
497.6058044433594
508.5684509277344
519.7683715820312
531.2105712890625
542.9002075195312
554.8427124023438
567.0433349609375
579.507568359375
592.2411499023438
605.249755859375
618.5392456054688
632.1155395507812
645.98486328125
660.1533813476562
674.6275634765625
689.4136962890625
704.5185546875
719.9490356445312
735.7119140625
751.814208984375
768.2633056640625
785.06640625
802.2310791015625
819.76513671875
837.6763916015625
855.9725341796875
874.6621704101562
893.75341796875
913.2548217773438
933.1751708984375
953.5232543945312
974.30810546875
995.5391235351562
1017.225830078125
1039.3775634765625
1062.00439453125
1085.1163330078125
1108.7237548828125
1132.8370361328125
1157.4669189453125
1182.624267578125