RK4 UNSCALED theta
4.859044551849365
4.904414176940918
4.949671268463135
4.994815349578857
5.0398478507995605
5.0847673416137695
5.129575252532959
5.174271583557129
5.218855857849121
5.263329029083252
5.3076910972595215
5.351941108703613
5.396081447601318
5.440110683441162
5.484028339385986
5.527836322784424
5.571534156799316
5.615121364593506
5.658599376678467
5.701966762542725
5.745225429534912
5.788374900817871
5.831414699554443
5.874345302581787
5.917168140411377
5.95988130569458
6.0024871826171875
6.044984340667725
6.087372779846191
6.129654407501221
6.171827793121338
6.213893890380859
6.255853176116943
6.297704696655273
6.339449405670166
6.381087779998779
6.422618389129639
6.464043617248535
6.505363464355469
6.546576976776123
6.58768367767334
6.628684997558594
6.669581890106201
6.710372447967529
6.751058578491211
6.791639804840088
6.83211612701416
6.872488021850586
6.912755966186523
6.952918529510498
6.992979049682617
7.032933712005615
7.0727858543396
7.112534523010254
7.15217924118042
7.1917219161987305
7.231160640716553
7.270496845245361
7.309730052947998
7.348860740661621
7.387889862060547
7.426816463470459
7.465640544891357
7.504363536834717
7.542984485626221
7.581503868103027
7.619921684265137
7.658238410949707
7.69645357131958
7.734569549560547
7.7725830078125
7.8104963302612305
7.84830904006958
7.886022090911865
7.923634052276611
7.961145877838135
7.998558044433594
8.035870552062988
8.07308292388916
8.110196113586426
8.147209167480469
8.184123992919922
8.220938682556152
8.257655143737793
8.294272422790527
8.330791473388672
8.367210388183594
8.403532028198242
8.439754486083984
8.475879669189453
8.511905670166016
8.547833442687988
8.583663940429688
8.619397163391113
8.655031204223633
8.690568923950195
8.726008415222168
8.761351585388184
8.796595573425293
8.831744194030762
8.86679458618164
8.901748657226562
8.936605453491211
8.971365928649902
9.00602912902832
9.040596961975098
9.075067520141602
9.109442710876465
9.143721580505371
9.17790412902832
9.211989402770996
9.245981216430664
9.279875755310059
9.313673973083496
9.347376823425293
9.380985260009766
9.414498329162598
9.447916030883789
9.48123836517334
9.514466285705566
9.547598838806152
9.580636024475098
9.613578796386719
9.646427154541016
9.679181098937988
9.711840629577637
9.744405746459961
9.776875495910645
9.809252738952637
9.841536521911621
9.873725891113281
9.905821800231934
9.937824249267578
9.969731330871582
10.001545906066895
10.033267974853516
10.064896583557129
10.09643268585205
10.127875328063965
10.159223556518555
10.190481185913086
10.221646308898926
10.252717971801758
10.283696174621582
10.314584732055664
10.345377922058105
10.376082420349121
10.406692504882812
10.437211990356445
10.467638969421387
10.497974395751953
10.528220176696777
10.55837345123291
10.588435173034668
10.618407249450684
10.648286819458008
10.678075790405273
10.70777416229248
10.737382888793945
10.766901016235352
10.796327590942383
10.825664520263672
10.854911804199219
10.884069442749023
10.913138389587402
10.94211483001709
10.971003532409668
10.999802589416504
11.028512001037598
11.057132720947266
11.085664749145508
11.114107131958008
11.142461776733398
11.170727729797363
11.198904991149902
11.226994514465332
11.254996299743652
11.28290843963623
11.310731887817383
11.338470458984375
11.366120338439941
11.393682479858398
11.421157836914062
11.44854736328125
11.475847244262695
11.503061294555664
11.53018856048584
11.557229995727539
11.584183692932129
11.611053466796875
11.637835502624512
11.664531707763672
11.691141128540039
11.717666625976562
11.74410629272461
11.770459175109863
11.79672908782959
11.82291316986084
11.849010467529297
11.875025749206543
11.900955200195312
11.926797866821289
11.952558517456055
11.978236198425293
12.003828048706055
12.029336929321289
12.054760932922363
12.080102920532227
12.10536003112793
12.130536079406738
12.155628204345703
12.180636405944824
12.205562591552734
12.2304048538208
12.255166053771973
12.279844284057617
12.30444049835205
12.32895565032959
12.353386878967285
12.377737045288086
12.402006149291992
12.426192283630371
12.450300216674805
12.474326133728027
12.498270034790039
12.522133827209473
12.545914649963379
12.56961727142334
12.593239784240723
12.616779327392578
12.640241622924805
12.663623809814453
12.68692398071289
12.710147857666016
12.733290672302246
12.756352424621582
12.779337882995605
12.802242279052734
12.825068473815918
12.84781551361084
12.870484352111816
12.893075942993164
12.91558837890625
12.938021659851074
12.960376739501953
12.982657432556152
13.00485610961914
13.026979446411133
13.04902458190918
13.070992469787598
13.09288501739502
13.114697456359863
13.136434555053711
13.158095359802246
13.179677963256836
13.20118522644043
13.222617149353027
13.24397087097168
13.265251159667969
13.286452293395996
13.30757999420166
13.328633308410645
13.349609375
13.370508193969727
13.391334533691406
13.41208553314209
13.432760238647461
13.453360557556152
13.47388744354248
13.494338989257812
13.514715194702148
13.535018920898438
13.55524730682373
13.575403213500977
13.595483779907227
13.61548900604248
13.63542366027832
13.655284881591797
13.675070762634277
13.694785118103027
13.714425086975098
13.733990669250488
13.753485679626465
13.772910118103027
13.792256355285645
13.81153392791748
13.830738067626953
13.849869728088379
13.86893081665039
13.887918472290039
13.90683364868164
13.925678253173828
13.944453239440918
13.963153839111328
13.981783866882324
14.000341415405273
14.018829345703125
14.037246704101562
14.05559253692627
14.07386589050293