Model UNSCALED theta
4.859044551849365
4.806380450725555
4.753878437161445
4.7015528299713125
4.649417871032524
4.597486611761737
4.545771779706961
4.49428602884653
4.44304038512008
4.392045858826363
4.3413129234036605
4.290851532508181
4.240671136623926
4.190780699215913
4.141189161643968
4.091904092852235
4.042933088313393
3.9942833167415253
3.9459619484642627
3.897974909498822
3.8503281714618938
3.803027723015789
3.7560783969039133
3.709485458223141
3.6632534386971556
3.617386186382903
3.571887970286593
3.5267623829104173
3.482012725300992
3.437642017273401
3.3936530073428024
3.3500485010025183
3.3068304014542234
3.2640010064874594
3.221561755265544
3.1795144736899092
3.137860458675194
3.0966007984715915
3.0557366571046396
3.0152684410729775
2.975196924677882
2.935522161562162
2.896244565339279
2.8573641141360056
2.818880873223951
2.7807942564366446
2.7431040226340233
2.7058093111055492
2.6689095984534092
2.632403993566676
2.5962917002221637
2.5605713624556112
2.5252419469187943
2.490302092349646
2.455750335817851
2.421585117331076
2.387804784297719
2.354407784287175
2.321392281036777
2.2887563587026545
2.256498025771457
2.2246152188475614
2.1931059766513945
2.161968092683394
2.131199299618755
2.1007972726162247
2.070759632519012
2.0410841029176363
2.011768195972284
1.9828093788820542
1.9542050766711516
1.9259526748817564
1.898049661350022
1.8704932056316774
1.8432807239152973
1.8164095920996224
1.7898768918535228
1.7636799421973242
1.7378157827731202
1.7122816843117932
1.6870747707073412
1.662192265296106
1.6376311399142007
1.6133885856090346
1.5894616639283403
1.565847426930696
1.5425429187324506
1.5195452797862106
1.4968514358335834
1.4744585147173588
1.4523635373178574
1.4305635237059289
1.4090554943590803
1.3878365623847249
1.3669036578333629
1.346253896783522
1.325884307418074
1.3057919239199518
1.2859738697199434
1.2664271081852725
1.2471487761330828
1.2281359361173094
1.2093856611973643
1.1908950356853076
1.1726611558590812
1.1546812020954624
1.1369522223026505
1.119471421320746
1.1022359457472288
1.085242957400996
1.068489633847728
1.05197323219404
1.0356908971407328
1.0196399172459298
1.0038174746428796
0.9882208911247519
0.9728474449582375
0.9576944332626639
0.9427592822353477
0.9280392133713126
0.9135315823665279
0.8992337649578179
0.8851432585386894
0.8712573742395416
0.8575736468224473
0.8440895287895738
0.8308024004952133
0.8177098545341497
0.8048094078041083
0.7920985989871767
0.7795749886658085
0.7672361594255878
0.7550797159452391
0.7431032850743491
0.7313045158992516
0.7196810797975165
0.7082307468749689
0.6969511537624248
0.6858400390221531
0.6748952355185257
0.6641144518428728
0.6534955629030791
0.6430363927935198
0.6327347218163478
0.6225884880560113
0.6125955829935303
0.6027539205097713
0.5930614368281816
0.5835160904509474
0.5741158620888616
0.5648587545851729
0.5557427928336888
0.5467660236913843
0.5379265158857739
0.5292223599172842
0.5206517199986078
0.5122126757408831
0.5039034323743659
0.49572211450366094
0.4876669679913001
0.47973616186815476
0.47192798221055227
0.46424064188339814
0.45667246672835005
0.44922175621961663
0.4418868303634698
0.4346660295536312
0.4275577144242999
0.4205602256797089
0.41367200560753276
0.40689151304862786
0.40021714806678443
0.3936473702224044
0.38718065839311394
0.3808155106142364
0.37455044391798037
0.36838402822006866
0.3623147826489109
0.35634131299247557
0.350462176672057
0.34467601473817716
0.338981422183475
0.3333770747038112
0.3278616041391614
0.3224337202075234
0.3170921192589965
0.3118355148824788
0.3066626104712347
0.30157218193416135
0.296562993519983
0.29163382603468657
0.28678347667118076
0.2820107588391923
0.2773145019954581
0.2726935514742679
0.26814676831841083
0.2636730518417016
0.25927127035826386
0.25494033105412683
0.25067915615189784
0.2464867037109307
0.24236190372364708
0.23830374268870005
0.2343111804018342
0.23038323117497764
0.22651888391730773
0.22271718013328665
0.21897713716383055
0.21529782309102924
0.2116783004952057
0.20811764524753132
0.20461494635164734
0.201169289333603
0.19777980610192294
0.19444562409827607
0.1911658832745438
0.18793973593988683
0.1847663466089563
0.181644891851264
0.17857457442476607
0.1755545797071472
0.17258411955765163
0.16966241729925774
0.16678872074826318
0.16396226202124
0.16118229798527273
0.1584481087990769
0.15575896007893014
0.15311415287396246
0.15051297441657263
0.1479547461157499
0.14543878746302605
0.14296441706570268
0.1405309859051687
0.1381378433613938
0.1357843381813962
0.1334698497777863
0.13119375624744992
0.12895544500936953
0.12675431267944795
0.12458976494663135
0.12246121645032931
0.12036809065912885
0.1183098197507999
0.11628584449358799
0.11429562257571595
0.11233860281058741
0.11041425104858327
0.1085220412682536
0.10666146325516462
0.10483199880565863
0.10303315310585048
0.1012644237634003
0.09952533094204744
0.09781538761790727
0.09613412851889534
0.09448108155712766
0.09285579562063082
0.09125781963121456
0.08968670312056833
0.08814201548342616
0.08662332626463354
0.0851302116906291
0.08366225457366425
0.0822190442171953
0.0808001763224393
0.07940525289608466
0.07803388215914728
0.07668567845696318
0.07536026217030828
0.07405725962763621
0.07277630801389727
0.07151704009874583
0.0702790995441261
0.06906213561944026
0.0678658077269022
0.06668977131298445
0.06553369641055753
0.06439724930946927
0.06328011036331542
0.06218195638478553
0.061102477746228186
0.06004136547113638
0.05899831157638617
0.05797302091569577
0.05696519902877152
0.055974556151487664
0.05500080714536276
0.05404366788459009
0.0531028659593364
0.05217812969012631
0.051269191750564436
0.05037578910146727
0.04949766612884774
0.04863456484287026
0.047786234683590625
0.04695242912362112
0.04613290560667551
0.04532742838218078
0.04453575964406759