Model UNSCALED u
-162.6486587524414
-153.90651321411133
-146.5437523612976
-139.903835331192
-133.81546080527647
-128.193772995678
-123.02042966723802
-118.25229917998452
-113.80625998419146
-109.6819807657385
-105.89499712500681
-102.34179576647647
-98.96670322633153
-95.72149677414916
-92.61354552212524
-89.57956517441711
-86.52908508376888
-83.60895180680376
-80.68005785887077
-77.67669994541721
-74.60341577818565
-71.58814941430693
-68.59408562143626
-65.55013028553387
-62.47208659290871
-59.57864062889788
-56.56114478776635
-53.42793619842643
-50.26542249030395
-46.89441788966309
-43.60697865915066
-40.13821311920414
-36.68874674222999
-33.149532965378874
-29.651118889302943
-26.215176003640238
-23.072107060574965
-20.16704761945658
-17.41664519217075
-14.971640638716398
-12.744032336325898
-10.92420760290346
-9.46673517347811
-8.356212848564072
-7.63925346517695
-7.19996461606595
-6.941409840691406
-6.787678219900315
-6.681469412417488
-6.5750135341998455
-6.473785604447545
-6.358027831522557
-6.228351085598054
-6.091636152134071
-5.939761350366656
-5.784140443473325
-5.614435409171095
-5.453019640773962
-5.284073514568898
-5.113626523320938
-4.953516238086617
-4.783055857744283
-4.61510302273209
-4.451167857780466
-4.279473162254664
-4.118461433308138
-3.9611961387064447
-3.8043612308429986
-3.6332698068523492
-3.4819835454697476
-3.3256662907157817
-3.167808925120713
-3.016177018125115
-2.8621595843402963
-2.7098502486867413
-2.5582975513502553
-2.4101610217063367
-2.2611558397438127
-2.1054225419846837
-1.9509085175407028
-1.792686942335475
-1.6299201391144638
-1.4659902955127724
-1.299565044013674
-1.1510964972629913
-1.0412235532432215
-0.967806422730151
-0.9078558486213971
-0.8571337441622908
-0.8193146664448285
-0.7870291653607996
-0.7550261030095529
-0.7294359660124768
-0.7045222606342352
-0.6793657067494315
-0.6593990832903557
-0.6388360162946056
-0.6197711012680783
-0.6025832445063777
-0.5873139061844113
-0.5739323741826095
-0.5588164436790761
-0.5467135461416713
-0.5330722750700015
-0.5220030393584657
-0.5085621836229728
-0.498653108123497
-0.48940992103423664
-0.4789379519562821
-0.4689555210833466
-0.460629703504203
-0.45328847973979186
-0.444468131162131
-0.4355822031305019
-0.428035666766497
-0.42087180064890395
-0.41293673872749515
-0.40541574566420435
-0.398480556977881
-0.3915367822059728
-0.38395808890316857
-0.37811884518806294
-0.36995235362197126
-0.3624005240026715
-0.35654578654129665
-0.3505628034597565
-0.3444180968922097
-0.33972971324244705
-0.33341181339111386
-0.32792114724030647
-0.3217683027897268
-0.3155214863210483
-0.3095023044344444
-0.3044710151874229
-0.29951661978459065
-0.2936744167192145
-0.28907125675712686
-0.2836192778162109
-0.279044959146962
-0.2740282127830826
-0.26981427253716717
-0.26511504937005903
-0.2601069211650664
-0.25564812088738126
-0.25105674163991015
-0.24681218258325907
-0.242948563482394
-0.23853184085317114
-0.23446234713185007
-0.23009725867674743
-0.2260981351995296
-0.2221430713039886
-0.21743496724915043
-0.2134029671605574
-0.2097572181984916
-0.20578606149556422
-0.2017676627482506
-0.19760034744901203
-0.19428908900965058
-0.19045150088260013
-0.1866241128752309
-0.18309336763692563
-0.17980118682942853
-0.17617943920721107
-0.17251624410642205
-0.16892771244199015
-0.16585438076539616
-0.16287078667920152
-0.1598294857787499
-0.15681605738638116
-0.15332159525558733
-0.15018236111331312
-0.14732031730282807
-0.14431832644963966
-0.14136203866239302
-0.13861255380267168
-0.13601171195517825
-0.13331622816338634
-0.13052192284932299
-0.1281788304990736
-0.12571798866075898
-0.12314948401200272
-0.12079943483296163
-0.11873021871753951
-0.11656844434302206
-0.11444552820719099
-0.11216125666065707
-0.11004250436822366
-0.10815090774218715
-0.10702016679353878
-0.1055811986177083
-0.10356473813880286
-0.10202495333361442
-0.10115294233346443
-0.10001835948238116
-0.09812415592578125
-0.0965938369610067
-0.0949843457698763
-0.09356801842135616
-0.09232034623917801
-0.09085250982801589
-0.08965604480638084
-0.08850108017474541
-0.08746153243954069
-0.08650704915032596
-0.08582286094163565
-0.08490401124847884
-0.08418746644157224
-0.08359163479988732
-0.08284548617633891
-0.08219813103857994
-0.08143897309152923
-0.08061434581311168
-0.07985758145993922
-0.07899987107444864
-0.07818158985999327
-0.07734724612634665
-0.07635964346280352
-0.07541706419768755
-0.07452006562550872
-0.07356367135760063
-0.07259379751851193
-0.07162058272878212
-0.07067176383011127
-0.06964001514481621
-0.06865639743111318
-0.06766633878281025
-0.06666583639040106
-0.06564288968076237
-0.06462818430857621
-0.06366109131196351
-0.06268128180414727
-0.06166014304963154
-0.06070912089400161
-0.05973193259358118
-0.05878060987145044
-0.057794634818031966
-0.05685323066732889
-0.05591480063654122
-0.054996949778419686
-0.05402134751966499
-0.0532046213553992
-0.052295517680210235
-0.05143431125312284
-0.05061875904944489
-0.0497304903158125
-0.04889101825673533
-0.048058783504519545
-0.04723602043949436
-0.04644669890732947
-0.045710053615991716
-0.04489613868338187
-0.044154727611146215
-0.04342896700867825
-0.042691697037190265
-0.0419553654381914
-0.04122729470207901
-0.0405509409172978
-0.03982582679179684
-0.039159723252056786
-0.038496622566735895
-0.03785120509303374
-0.037180151289387224
-0.03657222105980296
-0.03586189211939784
-0.03526888943372697
-0.03467108675475103
-0.03406322573740578
-0.03345001530118202
-0.03282784625378216
-0.032236447117576554
-0.03164822196985915
-0.03106158669563832
-0.03052668871359341
-0.029939219124672584
-0.02937916677585962
-0.02882297527905095
-0.02828359896337353
-0.02771803973824434
-0.027198841017931654
-0.026666474035837936
-0.02614384259937965
-0.025629907818502717
-0.025105831810856544
-0.02458104571276347
-0.024099625518524098
-0.023607619699779123
-0.02311923637488184
-0.022655079948533267
-0.02217739804774261
-0.021719757936015716
-0.0212467282662579
-0.02079342634163549
-0.02034391722177265
-0.019895859755070883
-0.019477114191943864
-0.019055348937006302
-0.018630496162433743
-0.01822172646510382