RK4 SCALED u
-224263072.0
-228531040.0
-232880032.0
-237311584.0
-241827264.0
-246428656.0
-251117472.0
-255895312.0
-260763888.0
-265724928.0
-270780192.0
-275931456.0
-281180608.0
-286529472.0
-291979904.0
-297533952.0
-303193504.0
-308960576.0
-314837216.0
-320825568.0
-326927680.0
-333145792.0
-339482048.0
-345938720.0
-352518176.0
-359222624.0
-366054496.0
-373016256.0
-380110336.0
-387339264.0
-394705600.0
-402211936.0
-409860960.0
-417655392.0
-425597920.0
-433691488.0
-441938816.0
-450342912.0
-458906784.0
-467633440.0
-476525888.0
-485587328.0
-494820960.0
-504230080.0
-513817984.0
-523588064.0
-533543712.0
-543688576.0
-554026112.0
-564560000.0
-575294016.0
-586231872.0
-597377408.0
-608734592.0
-620307392.0
-632100032.0
-644116416.0
-656360896.0
-668837760.0
-681551424.0
-694506368.0
-707707072.0
-721158144.0
-734864448.0
-748830656.0
-763061632.0
-777562560.0
-792338368.0
-807394240.0
-822735616.0
-838367488.0
-854295744.0
-870525696.0
-887063104.0
-903913728.0
-921083328.0
-938578112.0
-956404160.0
-974567616.0
-993074816.0
-1011932224.0
-1031146368.0
-1050724032.0
-1070672000.0
-1090997248.0
-1111706752.0
-1132807808.0
-1154307840.0
-1176214144.0
-1198534400.0
-1221276416.0
-1244447872.0
-1268057344.0
-1292112512.0
-1316622080.0
-1341594240.0
-1367037824.0
-1392961792.0
-1419374720.0
-1446286464.0
-1473705600.0
-1501641984.0
-1530105472.0
-1559105536.0
-1588652800.0
-1618756864.0
-1649428608.0
-1680678528.0
-1712517376.0
-1744956288.0
-1778006144.0
-1811678976.0
-1845986048.0
-1880939264.0
-1916550784.0
-1952833024.0
-1989798272.0
-2027459584.0
-2065830144.0
-2104922880.0
-2144751232.0
-2185329152.0
-2226670848.0
-2268790272.0
-2311702528.0
-2355421696.0
-2399963648.0
-2445343232.0
-2491576320.0
-2538679040.0
-2586667520.0
-2635558912.0
-2685369344.0
-2736115968.0
-2787816704.0
-2840489984.0
-2894152960.0
-2948824832.0
-3004524288.0
-3061270784.0
-3119083776.0
-3177983488.0
-3237990144.0
-3299123968.0
-3361406976.0
-3424860160.0
-3489505536.0
-3555365888.0
-3622463232.0
-3690821376.0
-3760463616.0
-3831414784.0
-3903698688.0
-3977339904.0
-4052365568.0
-4128799744.0
-4206670080.0
-4286002944.0
-4366825984.0
-4449167872.0
-4533054976.0
-4618519040.0
-4705587712.0
-4794292224.0
-4884662784.0
-4976730624.0
-5070526976.0
-5166085632.0
-5263439360.0
-5362621440.0
-5463666176.0
-5566607360.0
-5671483904.0
-5778329088.0
-5887181312.0
-5998077952.0
-6111057920.0
-6226158592.0
-6343421440.0
-6462887424.0
-6584595968.0
-6708591104.0
-6834914304.0
-6963610624.0
-7094723584.0
-7228298240.0
-7364382208.0
-7503023104.0
-7644266496.0
-7788163072.0
-7934761472.0
-8084114432.0
-8236270080.0
-8391284736.0
-8549211648.0
-8710103040.0
-8874016768.0
-9041008640.0
-9211136000.0
-9384460288.0
-9561037824.0
-9740931072.0
-9924203520.0
-10110918656.0
-10301139968.0
-10494932992.0
-10692364288.0
-10893504512.0
-11098421248.0
-11307187200.0
-11519873024.0
-11736551424.0
-11957299200.0
-12182191104.0
-12411308032.0
-12644724736.0
-12882525184.0
-13124790272.0
-13371604992.0
-13623052288.0
-13879222272.0
-14140198912.0
-14406078464.0
-14676947968.0
-14952901632.0
-15234035712.0
-15520447488.0
-15812234240.0
-16109501440.0
-16412344320.0
-16720874496.0
-17035193344.0
-17355411456.0
-17681639424.0
-18013990912.0
-18352576512.0
-18697517056.0
-19048931328.0
-19406938112.0
-19771662336.0
-20143230976.0
-20521766912.0
-20907407360.0
-21300281344.0
-21700521984.0
-22108274688.0
-22523672576.0
-22946859008.0
-23377985536.0
-23817195520.0
-24264644608.0
-24720480256.0
-25184862208.0
-25657952256.0
-26139910144.0
-26630903808.0
-27131103232.0
-27640676352.0
-28159799296.0
-28688652288.0
-29227417600.0
-29776279552.0
-30335424512.0
-30905044992.0
-31485337600.0
-32076503040.0
-32678739968.0
-33292257280.0
-33917270016.0
-34553982976.0
-35202621440.0
-35863408640.0
-36536561664.0
-37222326272.0
-37920919552.0
-38632591360.0
-39357591552.0
-40096157696.0
-40848543744.0
-41615015936.0
-42395820032.0
-43191234560.0
-44001533952.0
-44826996736.0
-45667885056.0
-46524514304.0
-47397158912.0
-48286117888.0
-49191702528.0
-50114224128.0
-51053985792.0
-52011311104.0
-52986544128.0
-53979992064.0
-54992011264.0
-56022937600.0
-57073123328.0
-58142932992.0
-59232731136.0
-60342878208.0