Model UNSCALED con-u
-146.99999809265137
-144.05999813079836
-141.17879816818237
-138.35522220481872
-135.58811776072233
-132.8763554055079
-130.21882829739775
-127.61445173144978
-125.06216269682079
-122.56091944288436
-120.10970105402667
-117.70750703294614
-115.3533568922872
-113.04628975444146
-110.78536395935262
-108.56965668016558
-106.39826354656226
-104.27029827563102
-102.1848923101184
-100.14119446391602
-98.1383705746377
-96.17560316314494
-94.25209109988204
-92.3670492778844
-90.51970829232673
-88.70931412648018
-86.93512784395057
-85.19642528707155
-83.49249678133012
-81.82264684570353
-80.18619390878946
-78.58247003061366
-77.01082063000138
-75.47060421740136
-73.96119213305333
-72.48196829039226
-71.03232892458442
-69.61168234609273
-68.21944869917087
-66.85505972518746
-65.5179585306837
-64.20759936007002
-62.92344737286862
-61.664978425411256
-60.43167885690303
-59.22304527976497
-58.03858437416965
-56.87781268668627
-55.74025643295254
-54.62545130429349
-53.53294227820762
-52.46228343264347
-51.413037763990594
-50.384777008710785
-49.377081468536566
-48.38953983916583
-47.421749042382515
-46.473314061534865
-45.54384778030417
-44.632970824698084
-43.74031140820412
-42.86550518004004
-42.008195076439236
-41.16803117491045
-40.344670551412236
-39.537777140384
-38.74702159757632
-37.972081165624786
-37.212639542312296
-36.46838675146604
-35.73901901643672
-35.02423863610799
-34.32375386338583
-33.6372787861181
-32.96453321039574
-32.305242546187834
-31.65913769526407
-31.025954941358794
-30.405435842531613
-29.797327125680987
-29.201380583167364
-28.617352971504012
-28.045005912073936
-27.484105793832455
-26.934423677955806
-26.395735204396686
-25.867820500308756
-25.35046409030258
-24.843454808496528
-24.3465857123266
-23.859653998080066
-23.38246091811846
-22.91481169975609
-22.456515465760972
-22.007385156445746
-21.56723745331683
-21.135892704250498
-20.713174850165487
-20.298911353162175
-19.892933126098935
-19.49507446357695
-19.105172974305415
-18.723069514819308
-18.34860812452292
-17.981635962032463
-17.622003242791813
-17.269563177935975
-16.924171914377258
-16.585688476089707
-16.253974706567917
-15.928895212436556
-15.610317308187827
-15.298110962024069
-14.992148742783586
-14.692305767927916
-14.398459652569356
-14.110490459517969
-13.82828065032761
-13.551715037321056
-13.280680736574638
-13.015067121843142
-12.75476577940628
-12.499670463818154
-12.24967705454179
-12.004683513450955
-11.764589843181936
-11.529298046318297
-11.29871208539193
-11.072737843684092
-10.851283086810408
-10.6342574250742
-10.421572276572718
-10.213140831041263
-10.008878014420436
-9.808700454132026
-9.612526445049388
-9.4202759161484
-9.23187039782543
-9.047232989868922
-8.866288330071542
-8.688962563470112
-8.51518331220071
-8.344879645956697
-8.177982053037562
-8.01442241197681
-7.854133963737275
-7.697051284462528
-7.543110258773277
-7.392248053597811
-7.244403092525856
-7.099515030675338
-6.957524730061832
-6.818374235460595
-6.682006750751382
-6.548366615736355
-6.417399283421629
-6.289051297753195
-6.163270271798131
-6.040004866362168
-5.919204769034925
-5.8008206736542265
-5.684804260181142
-5.571108174977519
-5.459686011477968
-5.350492291248409
-5.24348244542344
-5.1386127965149715
-5.0358405405846725
-4.935123729772978
-4.836421255177519
-4.7396928300739685
-4.644898973472489
-4.5520009940030395
-4.460960974122978
-4.371741754640518
-4.284306919547708
-4.198620781156754
-4.114648365533619
-4.032355398222947
-3.951708290258487
-3.872674124453318
-3.7952206419642516
-3.7193162291249657
-3.644929904542466
-3.572031306451617
-3.500590680322585
-3.430578866716133
-3.3619672893818104
-3.294727943594174
-3.2288333847222908
-3.1642567170278446
-3.1009715826872872
-3.0389521510335418
-2.9781731080128715
-2.9186096458526136
-2.8602374529355616
-2.80303270387685
-2.7469720497993126
-2.692032608803326
-2.63819195662726
-2.5854281174947147
-2.5337195551448204
-2.483045164041924
-2.433384260761086
-2.3847165755458635
-2.337022244034946
-2.2902817991542475
-2.2444761631711625
-2.199586639907739
-2.1555949071095846
-2.1124830089673927
-2.0702333487880447
-2.028828681812284
-1.9882521081760383
-1.948487066012517
-1.9095173246922668
-1.8713269781984214
-1.8339004386344528
-1.797222429861764
-1.7612779812645287
-1.7260524216392379
-1.6915313732064532
-1.6577007457423243
-1.6245467308274775
-1.592055796210928
-1.5602146802867094
-1.5290103866809754
-1.4984301789473558
-1.4684615753684085
-1.4390923438610403
-1.4103104969838198
-1.3821042870441431
-1.3544622013032603
-1.327372957277195
-1.3008254981316512
-1.274808988169018
-1.2493128084056377
-1.2243265522375248
-1.1998400211927744
-1.175843220768919
-1.1523263563535404
-1.1292798292264696
-1.1066942326419402
-1.0845603479891013
-1.0628691410293192
-1.041611758208733
-1.0207795230445582
-1.000363932583667
-0.9803566539319938
-0.9607495208533539
-0.9415345304362867
-0.9227038398275609
-0.9042497630310098
-0.8861647677703895
-0.8684414724149818
-0.8510726429666821
-0.8340511901073484
-0.8173701663052014
-0.8010227629790975
-0.7850023077195155
-0.7693022615651252
-0.7539162163338227
-0.7388378920071461
-0.7240611341670031
-0.7095799114836632
-0.6953883132539899
-0.68148054698891
-0.6678509360491318
-0.6544939173281492
-0.6414040389815863
-0.6285759582019544
-0.6160044390379154
-0.603684350257157
-0.591610663252014
-0.5797784499869737
-0.5681828809872341
-0.5568192233674895
-0.5456828389001396
-0.5347691821221369
-0.524073798479694
-0.5135923225101001
-0.5033204760598982
-0.4932540665387002
-0.48338898520792617
-0.4737212055037676
-0.4642467813936923
-0.45496184576581844
-0.44586260885050205
-0.436945356673492
-0.4282064495400222
-0.4196423205492217
-0.41124947413823726
-0.4030244846554725
-0.39496399496236306
-0.3870647150631158
-0.3793234207618535
-0.3717369523466164
-0.36430221329968404
-0.3570161690336904