Model SCALED u
-32.52973175048828
-31.40949249267578
-30.51723289489746
-29.729074478149414
-29.015628814697266
-28.36393928527832
-27.774789810180664
-27.243133544921875
-26.75392723083496
-26.310590744018555
-25.920578002929688
-25.56208038330078
-25.223548889160156
-24.894332885742188
-24.577598571777344
-24.257598876953125
-23.90974235534668
-23.574337005615234
-23.2127628326416
-22.804750442504883
-22.349468231201172
-21.883840560913086
-21.396512985229492
-20.864299774169922
-20.290380477905273
-19.745525360107422
-19.128028869628906
-18.43717384338379
-17.6998348236084
-16.849807739257812
-15.98835277557373
-15.016879081726074
-14.006462097167969
-12.91358757019043
-11.786490440368652
-10.633350372314453
-9.549453735351562
-8.517409324645996
-7.505914688110352
-6.583888053894043
-5.718654155731201
-5.002082347869873
-4.423184394836426
-3.983989953994751
-3.7164952754974365
-3.5742666721343994
-3.516237497329712
-3.5085339546203613
-3.5241172313690186
-3.5387423038482666
-3.5553677082061768
-3.5630552768707275
-3.5616164207458496
-3.554527997970581
-3.5366404056549072
-3.5142662525177
-3.480774164199829
-3.449695348739624
-3.4110372066497803
-3.368375778198242
-3.329500198364258
-3.28053617477417
-3.2299418449401855
-3.1787853240966797
-3.1185410022735596
-3.06245756149292
-3.005628824234009
-2.945538282394409
-2.8704798221588135
-2.8070974349975586
-2.7357938289642334
-2.6591179370880127
-2.583505392074585
-2.5016140937805176
-2.41682767868042
-2.3282272815704346
-2.2381763458251953
-2.1426570415496826
-2.0358011722564697
-1.9248944520950317
-1.8048802614212036
-1.6744962930679321
-1.536819577217102
-1.390156626701355
-1.2564678192138672
-1.1597317457199097
-1.0999577045440674
-1.0528786182403564
-1.014340877532959
-0.9893728494644165
-0.969781756401062
-0.9493340849876404
-0.9358757734298706
-0.9223583340644836
-0.9075749516487122
-0.898878812789917
-0.8886200785636902
-0.8796947002410889
-0.8727535605430603
-0.8679981231689453
-0.8655320405960083
-0.8599348068237305
-0.8584798574447632
-0.854142427444458
-0.8534756898880005
-0.8484692573547363
-0.8489155769348145
-0.8501834869384766
-0.848971426486969
-0.8482412695884705
-0.8501853346824646
-0.8537098169326782
-0.8541814684867859
-0.8541882038116455
-0.8565196394920349
-0.8593718409538269
-0.8603768944740295
-0.861945390701294
-0.8644904494285583
-0.8667613863945007
-0.8673307299613953
-0.8715717792510986
-0.8701508641242981
-0.8697841763496399
-0.8731963634490967
-0.8760650753974915
-0.8782747983932495
-0.8839992880821228
-0.8852649927139282
-0.8884554505348206
-0.8895767331123352
-0.8901086449623108
-0.8909470438957214
-0.8943507671356201
-0.8977528214454651
-0.8982058763504028
-0.9021704792976379
-0.9032196402549744
-0.9067879319190979
-0.9086586236953735
-0.9129443764686584
-0.9153510928153992
-0.9163874983787537
-0.9190598130226135
-0.9209731817245483
-0.9238801002502441
-0.9279771447181702
-0.9297008514404297
-0.9324893951416016
-0.9338049292564392
-0.9363012909889221
-0.9386968016624451
-0.9375531077384949
-0.938946545124054
-0.9417405128479004
-0.9427666664123535
-0.9432216286659241
-0.9425921440124512
-0.9457110166549683
-0.9459503889083862
-0.9458573460578918
-0.9469006657600403
-0.9488515853881836
-0.9487130641937256
-0.9479459524154663
-0.9471710324287415
-0.9489173293113708
-0.950864315032959
-0.9521517753601074
-0.9532651901245117
-0.9510436654090881
-0.9505828619003296
-0.9514974355697632
-0.9511311054229736
-0.9506608843803406
-0.9511944651603699
-0.9523947238922119
-0.9525715708732605
-0.9516384601593018
-0.9536274671554565
-0.9544073939323425
-0.9539879560470581
-0.9548807144165039
-0.9576777815818787
-0.9594295024871826
-0.9611802101135254
-0.9612199664115906
-0.9623084664344788
-0.9650680422782898
-0.974467396736145
-0.980984628200531
-0.9818868637084961
-0.9870288968086243
-0.9985640048980713
-1.0075138807296753
-1.0086051225662231
-1.013137936592102
-1.0165883302688599
-1.0218671560287476
-1.0288175344467163
-1.0331224203109741
-1.0403233766555786
-1.0478793382644653
-1.0567048788070679
-1.0665029287338257
-1.0796611309051514
-1.0898998975753784
-1.1027568578720093
-1.1172981262207031
-1.1299234628677368
-1.143973708152771
-1.1565390825271606
-1.1681921482086182
-1.180842638015747
-1.1919997930526733
-1.2037276029586792
-1.215185284614563
-1.2241523265838623
-1.2337157726287842
-1.2439205646514893
-1.2530163526535034
-1.2617310285568237
-1.2702202796936035
-1.2789720296859741
-1.2860205173492432
-1.2937309741973877
-1.3010966777801514
-1.3080192804336548
-1.3142331838607788
-1.3203243017196655
-1.3271092176437378
-1.333350658416748
-1.3383970260620117
-1.3446470499038696
-1.3500033617019653
-1.3556147813796997
-1.3600775003433228
-1.3652280569076538
-1.3700952529907227
-1.3751070499420166
-1.3782793283462524
-1.385144591331482
-1.3892619609832764
-1.3942688703536987
-1.4001643657684326
-1.4036673307418823
-1.4081355333328247
-1.4124141931533813
-1.4165650606155396
-1.4213204383850098
-1.4273247718811035
-1.4305201768875122
-1.4356088638305664
-1.4408286809921265
-1.445273995399475
-1.4493330717086792
-1.4532470703125
-1.4585773944854736
-1.4617303609848022
-1.4666146039962769
-1.471204161643982
-1.4760597944259644
-1.4794807434082031
-1.4849896430969238
-1.485864520072937
-1.491117000579834
-1.4957579374313354
-1.499524474143982
-1.5025814771652222
-1.504728078842163
-1.5077756643295288
-1.5104724168777466
-1.5127286911010742
-1.5170190334320068
-1.5181885957717896
-1.5201927423477173
-1.5218502283096313
-1.5238481760025024
-1.523854374885559
-1.5258269309997559
-1.5264915227890015
-1.5271164178848267
-1.5276494026184082
-1.5269513130187988
-1.5255444049835205
-1.5261904001235962
-1.5255433320999146
-1.5244730710983276
-1.5243538618087769
-1.5226662158966064
-1.5216789245605469
-1.5189169645309448
-1.5168476104736328
-1.514343500137329
-1.5112156867980957
-1.509601354598999
-1.5070528984069824
-1.503522515296936
-1.500544786453247