RK4 UNSCALED u
-1121315328.0
-1119802112.0
-1118289920.0
-1116778880.0
-1115268864.0
-1113759872.0
-1112252544.0
-1110746240.0
-1109241344.0
-1107737856.0
-1106235648.0
-1104734848.0
-1103235584.0
-1101737856.0
-1100241536.0
-1098746880.0
-1097253888.0
-1095762304.0
-1094272384.0
-1092784256.0
-1091297664.0
-1089812864.0
-1088329728.0
-1086848256.0
-1085368832.0
-1083890944.0
-1082414848.0
-1080940544.0
-1079468032.0
-1077997440.0
-1076528640.0
-1075061504.0
-1073596224.0
-1072132800.0
-1070671104.0
-1069211328.0
-1067753216.0
-1066296896.0
-1064842432.0
-1063389888.0
-1061938880.0
-1060489664.0
-1059042240.0
-1057596480.0
-1056152512.0
-1054710208.0
-1053269440.0
-1051830528.0
-1050393152.0
-1048957312.0
-1047523200.0
-1046090560.0
-1044659456.0
-1043229824.0
-1041801664.0
-1040375168.0
-1038949888.0
-1037526080.0
-1036103616.0
-1034682496.0
-1033262784.0
-1031844288.0
-1030426944.0
-1029011008.0
-1027596160.0
-1026182336.0
-1024769856.0
-1023358400.0
-1021948032.0
-1020538816.0
-1019130368.0
-1017723072.0
-1016316672.0
-1014911232.0
-1013506624.0
-1012102720.0
-1010699776.0
-1009297728.0
-1007896384.0
-1006495744.0
-1005095872.0
-1003696576.0
-1002298048.0
-1000900096.0
-999502784.0
-998106048.0
-996709824.0
-995314304.0
-993919168.0
-992524544.0
-991130368.0
-989736512.0
-988343360.0
-986950528.0
-985558144.0
-984166080.0
-982774336.0
-981383040.0
-979991936.0
-978601344.0
-977210880.0
-975820736.0
-974430976.0
-973041408.0
-971652288.0
-970263232.0
-968874560.0
-967486144.0
-966097984.0
-964710080.0
-963322240.0
-961934848.0
-960547584.0
-959160576.0
-957773824.0
-956387328.0
-955001024.0
-953614976.0
-952229312.0
-950843840.0
-949458560.0
-948073536.0
-946688832.0
-945304384.0
-943920320.0
-942536384.0
-941152960.0
-939769728.0
-938386816.0
-937004288.0
-935622080.0
-934240384.0
-932859008.0
-931477952.0
-930097280.0
-928717184.0
-927337408.0
-925958144.0
-924579328.0
-923201024.0
-921823232.0
-920446016.0
-919069312.0
-917693120.0
-916317568.0
-914942528.0
-913568128.0
-912194496.0
-910821312.0
-909448896.0
-908077184.0
-906706240.0
-905336000.0
-903966400.0
-902597824.0
-901229824.0
-899862720.0
-898496448.0
-897130944.0
-895766528.0
-894402688.0
-893040064.0
-891678208.0
-890317376.0
-888957504.0
-887598656.0
-886240640.0
-884883776.0
-883528064.0
-882173376.0
-880819712.0
-879467008.0
-878115648.0
-876765312.0
-875416192.0
-874068288.0
-872721600.0
-871376000.0
-870031616.0
-868688640.0
-867346752.0
-866006272.0
-864666944.0
-863329024.0
-861992320.0
-860656960.0
-859322944.0
-857990400.0
-856659136.0
-855329280.0
-854000768.0
-852673792.0
-851347968.0
-850023744.0
-848701056.0
-847379712.0
-846059840.0
-844741440.0
-843424448.0
-842109120.0
-840795136.0
-839482560.0
-838171648.0
-836862272.0
-835554432.0
-834248064.0
-832943104.0
-831639872.0
-830338048.0
-829037952.0
-827739328.0
-826442176.0
-825146688.0
-823852608.0
-822560320.0
-821269440.0
-819980160.0
-818692480.0
-817406400.0
-816121856.0
-814838976.0
-813557504.0
-812277824.0
-810999616.0
-809722944.0
-808447808.0
-807174336.0
-805902336.0
-804632128.0
-803363264.0
-802096064.0
-800830400.0
-799566272.0
-798303744.0
-797042816.0
-795783296.0
-794525440.0
-793269120.0
-792014336.0
-790761088.0
-789509376.0
-788259136.0
-787010432.0
-785763264.0
-784517504.0
-783273472.0
-782030720.0
-780789440.0
-779549824.0
-778311552.0
-777074880.0
-775839552.0
-774605632.0
-773373248.0
-772142272.0
-770912704.0
-769684672.0
-768457984.0
-767232640.0
-766008768.0
-764786368.0
-763565312.0
-762345600.0
-761127296.0
-759910336.0
-758694720.0
-757480448.0
-756267520.0
-755056000.0
-753845760.0
-752636800.0
-751429248.0
-750222784.0
-749017856.0
-747814016.0
-746611456.0
-745410304.0
-744210368.0
-743011648.0
-741814272.0
-740617984.0
-739422912.0
-738229120.0
-737036608.0
-735845120.0
-734654976.0
-733465984.0
-732278080.0
-731091392.0
-729905920.0
-728721536.0
-727538240.0
-726356288.0
-725175296.0
-723995520.0
-722816768.0
-721639104.0
-720462592.0
-719287168.0
-718112768.0